	.db 0,0,0,3,7,7,5,1
	.db 0,0,63,0,0,131,137,1
	.db 0,0,0,0,224,0,192,192
	.db 0,0,0,0,0,0,0,0
	.db 0,0,0,0,0,0,0,0
	.db 0,0,0,0,0,0,0,0
	.db 0,0,0,0,0,0,0,0
	.db 0,0,0,0,0,0,0,0
	.db 0,0,0,0,0,0,0,0
	.db 0,0,0,0,0,0,0,0
	.db 0,0,0,0,0,0,0,0
	.db 0,0,0,0,0,0,0,0
	.db 0,0,0,0,0,0,0,0
	.db 0,0,0,0,0,0,0,0
	.db 0,0,0,0,0,0,0,0
	.db 0,0,0,0,0,0,0,0
	.db 0,0,0,0,0,0,0,0
	.db 0,0,0,0,0,0,0,0
	.db 0,0,0,0,0,0,0,0
	.db 0,0,0,0,0,0,0,0
	.db 0,0,0,0,0,0,0,0
	.db 0,0,0,0,0,0,0,0
	.db 0,0,0,0,0,0,0,0
	.db 0,0,0,0,0,0,0,0
	.db 0,0,0,0,0,0,0,0
	.db 0,0,0,0,0,0,0,0
	.db 0,0,0,0,0,0,0,0
	.db 0,0,0,0,0,0,0,0
	.db 0,0,0,0,0,0,0,0
	.db 0,0,0,0,0,0,0,0
	.db 0,0,0,0,0,0,0,0
	.db 0,0,0,0,0,0,0,0

	.db 1,0,0,0,0,1,2,4
	.db 147,142,244,70,195,128,12,70
	.db 0,0,0,0,0,192,96,32
	.db 0,0,0,0,0,0,0,0
	.db 0,0,0,0,0,0,0,0
	.db 0,0,0,0,0,0,0,0
	.db 0,0,0,0,0,0,0,0
	.db 0,0,0,0,0,0,0,0
	.db 0,0,0,0,0,0,0,0
	.db 0,0,0,0,0,0,0,0
	.db 0,0,0,0,0,0,0,0
	.db 0,0,0,0,0,0,0,0
	.db 0,0,0,0,0,0,0,0
	.db 0,0,0,0,0,0,0,0
	.db 0,0,0,0,0,0,0,0
	.db 0,0,0,0,0,0,0,0
	.db 0,0,0,0,0,0,0,0
	.db 0,0,0,0,0,0,0,0
	.db 0,0,0,0,0,0,0,0
	.db 0,0,0,0,0,0,0,0
	.db 0,0,0,0,0,0,0,0
	.db 0,0,0,0,0,0,0,0
	.db 0,0,0,0,0,0,0,0
	.db 0,0,0,0,0,0,0,0
	.db 0,0,0,0,0,0,0,0
	.db 0,0,0,0,0,0,0,0
	.db 0,0,0,0,0,0,0,0
	.db 0,0,0,0,0,0,0,0
	.db 0,0,0,0,0,0,0,0
	.db 0,0,0,0,0,0,0,0
	.db 0,0,0,0,0,0,0,0
	.db 0,0,0,0,0,0,0,0

	.db 4,4,4,4,4,4,9,15
	.db 64,193,129,129,1,1,1,2
	.db 48,8,142,122,6,0,0,128
	.db 0,0,0,0,0,0,0,0
	.db 0,0,0,0,0,0,0,0
	.db 0,0,0,0,0,0,0,0
	.db 0,0,0,0,0,0,0,0
	.db 0,0,0,0,0,0,0,0
	.db 0,0,0,0,0,0,0,0
	.db 0,0,0,0,0,0,0,0
	.db 0,0,0,0,0,0,0,0
	.db 0,0,0,0,0,0,0,0
	.db 0,0,0,0,0,0,0,0
	.db 0,0,0,0,0,0,0,0
	.db 0,0,0,0,0,0,0,0
	.db 0,0,0,0,0,0,0,0
	.db 0,0,0,0,0,0,0,0
	.db 0,0,0,0,0,0,0,0
	.db 0,0,0,0,0,0,0,0
	.db 0,0,0,0,0,0,0,0
	.db 0,0,0,0,0,0,0,0
	.db 0,0,0,0,0,0,0,0
	.db 0,0,0,0,0,0,0,0
	.db 0,0,0,0,0,0,0,0
	.db 0,0,0,0,0,0,0,0
	.db 0,0,0,0,0,0,0,0
	.db 0,0,0,0,0,0,0,0
	.db 0,0,0,0,0,0,0,0
	.db 0,0,0,0,0,0,0,0
	.db 0,0,0,0,0,0,0,0
	.db 0,0,0,0,0,0,0,0
	.db 0,0,0,0,0,0,0,0

	.db 12,0,0,0,0,0,0,0
	.db 252,136,136,136,136,136,136,136
	.db 128,128,128,128,128,64,64,64
	.db 0,0,0,0,0,0,0,0
	.db 0,0,0,0,0,0,0,0
	.db 0,0,0,0,0,0,0,0
	.db 0,0,0,0,0,0,0,0
	.db 0,0,0,0,0,0,0,0
	.db 0,0,0,0,0,0,0,0
	.db 0,0,0,0,0,0,0,0
	.db 0,0,0,0,0,0,0,0
	.db 0,0,0,0,0,0,0,0
	.db 0,0,0,0,0,0,0,0
	.db 0,0,0,0,0,0,0,0
	.db 0,0,0,0,0,0,0,0
	.db 0,0,0,0,0,0,0,0
	.db 0,0,0,0,0,0,0,0
	.db 0,0,0,0,0,0,0,0
	.db 0,0,0,0,0,0,0,0
	.db 0,0,0,0,0,0,0,0
	.db 0,0,0,0,0,0,0,0
	.db 0,0,0,0,0,0,0,0
	.db 0,0,0,0,0,0,0,0
	.db 0,0,0,0,0,0,0,0
	.db 0,0,0,0,0,0,0,0
	.db 0,0,0,0,0,0,0,0
	.db 0,0,0,0,0,0,0,0
	.db 0,0,0,0,0,0,0,0
	.db 0,0,0,0,0,0,0,0
	.db 0,0,0,0,0,0,0,0
	.db 0,0,0,0,0,0,0,0
	.db 0,0,0,0,0,0,0,0

	.db 0,0,0,0,1,1,3,0
	.db 140,132,132,132,138,27,224,0
	.db 64,64,32,32,48,240,0,0
	.db 0,0,0,0,0,0,0,0
	.db 0,0,0,0,0,0,0,0
	.db 0,0,0,0,0,0,0,0
	.db 0,0,0,0,0,0,0,0
	.db 0,0,0,0,0,0,0,0
	.db 0,0,0,0,0,0,0,0
	.db 0,0,0,0,0,0,0,0
	.db 0,0,0,0,0,0,0,0
	.db 0,0,0,0,0,0,0,0
	.db 0,0,0,0,0,0,0,0
	.db 0,0,0,0,0,0,0,0
	.db 0,0,0,0,0,0,0,0
	.db 0,0,0,0,0,0,0,0
	.db 0,0,0,0,0,0,0,0
	.db 0,0,0,0,0,0,0,0
	.db 0,0,0,0,0,0,0,0
	.db 0,0,0,0,0,0,0,0
	.db 0,0,0,0,0,0,0,0
	.db 0,0,0,0,0,0,0,0
	.db 0,0,0,0,0,0,0,0
	.db 0,0,0,0,0,0,0,0
	.db 0,0,0,0,0,0,0,0
	.db 0,0,0,0,0,0,0,0
	.db 0,0,0,0,0,0,0,0
	.db 0,0,0,0,0,0,0,0
	.db 0,0,0,0,0,0,0,0
	.db 0,0,0,0,0,0,0,0
	.db 0,0,0,0,0,0,0,0
	.db 0,0,0,0,0,0,0,0

	.db 0,255,255,3,7,7,5,1
	.db 0,255,63,0,0,0,0,0
	.db 0,255,255,255,224,255,192,192
	.db 0,0,0,0,0,0,0,0
	.db 0,0,0,0,0,0,0,0
	.db 0,0,0,0,0,0,0,0
	.db 0,0,0,0,0,0,0,0
	.db 0,0,0,0,0,0,0,0
	.db 0,0,0,0,0,0,0,0
	.db 0,0,0,0,0,0,0,0
	.db 0,0,0,0,0,0,0,0
	.db 0,0,0,0,0,0,0,0
	.db 0,0,0,0,0,0,0,0
	.db 0,0,0,0,0,0,0,0
	.db 0,0,0,0,0,0,0,0
	.db 0,0,0,0,0,0,0,0
	.db 0,0,0,0,0,0,0,0
	.db 0,0,0,0,0,0,0,0
	.db 0,0,0,0,0,0,0,0
	.db 0,0,0,0,0,0,0,0
	.db 0,0,0,0,0,0,0,0
	.db 0,0,0,0,0,0,0,0
	.db 0,0,0,0,0,0,0,0
	.db 0,0,0,0,0,0,0,0
	.db 0,0,0,0,0,0,0,0
	.db 0,0,0,0,0,0,0,0
	.db 0,0,0,0,0,0,0,0
	.db 0,0,0,0,0,0,0,0
	.db 0,0,0,0,0,0,0,0
	.db 0,0,0,0,0,0,0,0
	.db 0,0,0,0,0,0,0,0
	.db 0,0,0,0,0,0,0,0

	.db 1,255,255,255,255,1,3,7
	.db 0,254,252,126,0,0,0,0
	.db 255,255,255,255,255,192,224,224
	.db 0,0,0,0,0,0,0,0
	.db 0,0,0,0,0,0,0,0
	.db 0,0,0,0,0,0,0,0
	.db 0,0,0,0,0,0,0,0
	.db 0,0,0,0,0,0,0,0
	.db 0,0,0,0,0,0,0,0
	.db 0,0,0,0,0,0,0,0
	.db 0,0,0,0,0,0,0,0
	.db 0,0,0,0,0,0,0,0
	.db 0,0,0,0,0,0,0,0
	.db 0,0,0,0,0,0,0,0
	.db 0,0,0,0,0,0,0,0
	.db 0,0,0,0,0,0,0,0
	.db 0,0,0,0,0,0,0,0
	.db 0,0,0,0,0,0,0,0
	.db 0,0,0,0,0,0,0,0
	.db 0,0,0,0,0,0,0,0
	.db 0,0,0,0,0,0,0,0
	.db 0,0,0,0,0,0,0,0
	.db 0,0,0,0,0,0,0,0
	.db 0,0,0,0,0,0,0,0
	.db 0,0,0,0,0,0,0,0
	.db 0,0,0,0,0,0,0,0
	.db 0,0,0,0,0,0,0,0
	.db 0,0,0,0,0,0,0,0
	.db 0,0,0,0,0,0,0,0
	.db 0,0,0,0,0,0,0,0
	.db 0,0,0,0,0,0,0,0
	.db 0,0,0,0,0,0,0,0

	.db 7,7,7,7,7,7,15,15
	.db 0,0,0,0,0,0,0,0
	.db 240,248,254,126,6,0,0,128
	.db 0,0,0,0,0,0,0,0
	.db 0,0,0,0,0,0,0,0
	.db 0,0,0,0,0,0,0,0
	.db 0,0,0,0,0,0,0,0
	.db 0,0,0,0,0,0,0,0
	.db 0,0,0,0,0,0,0,0
	.db 0,0,0,0,0,0,0,0
	.db 0,0,0,0,0,0,0,0
	.db 0,0,0,0,0,0,0,0
	.db 0,0,0,0,0,0,0,0
	.db 0,0,0,0,0,0,0,0
	.db 0,0,0,0,0,0,0,0
	.db 0,0,0,0,0,0,0,0
	.db 0,0,0,0,0,0,0,0
	.db 0,0,0,0,0,0,0,0
	.db 0,0,0,0,0,0,0,0
	.db 0,0,0,0,0,0,0,0
	.db 0,0,0,0,0,0,0,0
	.db 0,0,0,0,0,0,0,0
	.db 0,0,0,0,0,0,0,0
	.db 0,0,0,0,0,0,0,0
	.db 0,0,0,0,0,0,0,0
	.db 0,0,0,0,0,0,0,0
	.db 0,0,0,0,0,0,0,0
	.db 0,0,0,0,0,0,0,0
	.db 0,0,0,0,0,0,0,0
	.db 0,0,0,0,0,0,0,0
	.db 0,0,0,0,0,0,0,0
	.db 0,0,0,0,0,0,0,0

	.db 12,255,255,255,255,255,255,255
	.db 0,0,0,0,0,0,0,0
	.db 128,128,128,128,128,192,192,192
	.db 0,0,0,0,0,0,0,0
	.db 0,0,0,0,0,0,0,0
	.db 0,0,0,0,0,0,0,0
	.db 0,0,0,0,0,0,0,0
	.db 0,0,0,0,0,0,0,0
	.db 0,0,0,0,0,0,0,0
	.db 0,0,0,0,0,0,0,0
	.db 0,0,0,0,0,0,0,0
	.db 0,0,0,0,0,0,0,0
	.db 0,0,0,0,0,0,0,0
	.db 0,0,0,0,0,0,0,0
	.db 0,0,0,0,0,0,0,0
	.db 0,0,0,0,0,0,0,0
	.db 0,0,0,0,0,0,0,0
	.db 0,0,0,0,0,0,0,0
	.db 0,0,0,0,0,0,0,0
	.db 0,0,0,0,0,0,0,0
	.db 0,0,0,0,0,0,0,0
	.db 0,0,0,0,0,0,0,0
	.db 0,0,0,0,0,0,0,0
	.db 0,0,0,0,0,0,0,0
	.db 0,0,0,0,0,0,0,0
	.db 0,0,0,0,0,0,0,0
	.db 0,0,0,0,0,0,0,0
	.db 0,0,0,0,0,0,0,0
	.db 0,0,0,0,0,0,0,0
	.db 0,0,0,0,0,0,0,0
	.db 0,0,0,0,0,0,0,0
	.db 0,0,0,0,0,0,0,0

	.db 255,255,255,255,1,1,3,0
	.db 0,0,0,0,251,251,224,0
	.db 192,192,224,224,240,240,0,0
	.db 0,0,0,0,0,0,0,0
	.db 0,0,0,0,0,0,0,0
	.db 0,0,0,0,0,0,0,0
	.db 0,0,0,0,0,0,0,0
	.db 0,0,0,0,0,0,0,0
	.db 0,0,0,0,0,0,0,0
	.db 0,0,0,0,0,0,0,0
	.db 0,0,0,0,0,0,0,0
	.db 0,0,0,0,0,0,0,0
	.db 0,0,0,0,0,0,0,0
	.db 0,0,0,0,0,0,0,0
	.db 0,0,0,0,0,0,0,0
	.db 0,0,0,0,0,0,0,0
	.db 0,0,0,0,0,0,0,0
	.db 0,0,0,0,0,0,0,0
	.db 0,0,0,0,0,0,0,0
	.db 0,0,0,0,0,0,0,0
	.db 0,0,0,0,0,0,0,0
	.db 0,0,0,0,0,0,0,0
	.db 0,0,0,0,0,0,0,0
	.db 0,0,0,0,0,0,0,0
	.db 0,0,0,0,0,0,0,0
	.db 0,0,0,0,0,0,0,0
	.db 0,0,0,0,0,0,0,0
	.db 0,0,0,0,0,0,0,0
	.db 0,0,0,0,0,0,0,0
	.db 0,0,0,0,0,0,0,0
	.db 0,0,0,0,0,0,0,0
	.db 0,0,0,0,0,0,0,0

	.db 0,0,0,0,0,0,0,0
	.db 0,0,0,0,0,0,0,0
	.db 0,0,0,0,0,0,0,0
	.db 0,0,0,0,0,0,0,0
	.db 0,0,0,0,0,0,0,0
	.db 0,0,0,0,0,0,0,0
	.db 0,0,0,0,0,0,0,0
	.db 0,0,0,0,0,0,0,0
	.db 0,0,0,0,0,0,0,0
	.db 0,0,0,0,0,0,0,0
	.db 0,0,0,0,0,0,0,0
	.db 0,0,0,0,0,0,0,0
	.db 0,0,0,0,0,0,0,0
	.db 0,0,0,0,0,0,0,0
	.db 0,0,0,0,0,0,0,0
	.db 0,0,0,0,0,0,0,0
	.db 0,0,0,0,0,0,0,0
	.db 0,0,0,0,0,0,0,0
	.db 0,0,0,0,0,0,0,0
	.db 0,0,0,0,0,0,0,0
	.db 0,0,0,0,0,0,0,0
	.db 0,0,0,0,0,0,0,0
	.db 0,0,0,0,0,0,0,0
	.db 0,0,0,0,0,0,0,0
	.db 0,0,0,0,0,0,0,0
	.db 0,0,0,0,0,0,0,0
	.db 0,0,0,0,0,0,0,0
	.db 0,0,0,0,0,0,0,0
	.db 0,0,0,0,0,0,0,0
	.db 0,0,0,0,0,0,0,0
	.db 0,0,0,0,0,0,0,0
	.db 0,0,0,0,0,0,0,0

	.db 0,0,0,0,0,0,0,0
	.db 0,0,0,0,0,0,0,0
	.db 0,0,0,0,0,0,0,0
	.db 0,0,0,0,0,0,0,0
	.db 0,0,0,0,0,0,0,0
	.db 0,0,0,0,0,0,0,0
	.db 0,0,0,0,0,0,0,0
	.db 0,0,0,0,0,0,0,0
	.db 0,0,0,0,0,0,0,0
	.db 0,0,0,0,0,0,0,0
	.db 0,0,0,0,0,0,0,0
	.db 0,0,0,0,0,0,0,0
	.db 0,0,0,0,0,0,0,0
	.db 0,0,0,0,0,0,0,0
	.db 0,0,0,0,0,0,0,0
	.db 0,0,0,0,0,0,0,0
	.db 0,0,0,0,0,0,0,0
	.db 0,0,0,0,0,0,0,0
	.db 0,0,0,0,0,0,0,0
	.db 0,0,0,0,0,0,0,0
	.db 0,0,0,0,0,0,0,0
	.db 0,0,0,0,0,0,0,0
	.db 0,0,0,0,0,0,0,0
	.db 0,0,0,0,0,0,0,0
	.db 0,0,0,0,0,0,0,0
	.db 0,0,0,0,0,0,0,0
	.db 0,0,0,0,0,0,0,0
	.db 0,0,0,0,0,0,0,0
	.db 0,0,0,0,0,0,0,0
	.db 0,0,0,0,0,0,0,0
	.db 0,0,0,0,0,0,0,0
	.db 0,0,0,0,0,0,0,0

	.db 0,0,0,0,0,0,0,0
	.db 0,0,0,0,0,0,0,0
	.db 0,0,0,0,0,0,0,0
	.db 0,0,0,0,0,0,0,0
	.db 0,0,0,0,0,0,0,0
	.db 0,0,0,0,0,0,0,0
	.db 0,0,0,0,0,0,0,0
	.db 0,0,0,0,0,0,0,0
	.db 0,0,0,0,0,0,0,0
	.db 0,0,0,0,0,0,0,0
	.db 0,0,0,0,0,0,0,0
	.db 0,0,0,0,0,0,0,0
	.db 0,0,0,0,0,0,0,0
	.db 0,0,0,0,0,0,0,0
	.db 0,0,0,0,0,0,0,0
	.db 0,0,0,0,0,0,0,0
	.db 0,0,0,0,0,0,0,0
	.db 0,0,0,0,0,0,0,0
	.db 0,0,0,0,0,0,0,0
	.db 0,0,0,0,0,0,0,0
	.db 0,0,0,0,0,0,0,0
	.db 0,0,0,0,0,0,0,0
	.db 0,0,0,0,0,0,0,0
	.db 0,0,0,0,0,0,0,0
	.db 0,0,0,0,0,0,0,0
	.db 0,0,0,0,0,0,0,0
	.db 0,0,0,0,0,0,0,0
	.db 0,0,0,0,0,0,0,0
	.db 0,0,0,0,0,0,0,0
	.db 0,0,0,0,0,0,0,0
	.db 0,0,0,0,0,0,0,0
	.db 0,0,0,0,0,0,0,0

	.db 0,0,0,0,0,0,0,0
	.db 0,0,0,0,0,0,0,0
	.db 0,0,0,0,0,0,0,0
	.db 0,0,0,0,0,0,0,0
	.db 0,0,0,0,0,0,0,0
	.db 0,0,0,0,0,0,0,0
	.db 0,0,0,0,0,0,0,0
	.db 0,0,0,0,0,0,0,0
	.db 0,0,0,0,0,0,0,0
	.db 0,0,0,0,0,0,0,0
	.db 0,0,0,0,0,0,0,0
	.db 0,0,0,0,0,0,0,0
	.db 0,0,0,0,0,0,0,0
	.db 0,0,0,0,0,0,0,0
	.db 0,0,0,0,0,0,0,0
	.db 0,0,0,0,0,0,0,0
	.db 0,0,0,0,0,0,0,0
	.db 0,0,0,0,0,0,0,0
	.db 0,0,0,0,0,0,0,0
	.db 0,0,0,0,0,0,0,0
	.db 0,0,0,0,0,0,0,0
	.db 0,0,0,0,0,0,0,0
	.db 0,0,0,0,0,0,0,0
	.db 0,0,0,0,0,0,0,0
	.db 0,0,0,0,0,0,0,0
	.db 0,0,0,0,0,0,0,0
	.db 0,0,0,0,0,0,0,0
	.db 0,0,0,0,0,0,0,0
	.db 0,0,0,0,0,0,0,0
	.db 0,0,0,0,0,0,0,0
	.db 0,0,0,0,0,0,0,0
	.db 0,0,0,0,0,0,0,0

	.db 0,3,1,1,128,128,128,128
	.db 0,224,27,138,132,132,132,140
	.db 0,0,240,48,32,32,64,64
	.db 0,0,0,0,0,0,0,0
	.db 0,0,0,0,0,0,0,0
	.db 0,0,0,0,0,0,0,0
	.db 0,0,0,0,0,0,0,0
	.db 0,0,0,0,0,0,0,0
	.db 0,0,0,0,0,0,0,0
	.db 0,0,0,0,0,0,0,0
	.db 0,0,0,0,0,0,0,0
	.db 0,0,0,0,0,0,0,0
	.db 0,0,0,0,0,0,0,0
	.db 0,0,0,0,0,0,0,0
	.db 0,0,0,0,0,0,0,0
	.db 0,0,0,0,0,0,0,0
	.db 0,0,0,0,0,0,0,0
	.db 0,0,0,0,0,0,0,0
	.db 0,0,0,0,0,0,0,0
	.db 0,0,0,0,0,0,0,0
	.db 0,0,0,0,0,0,0,0
	.db 0,0,0,0,0,0,0,0
	.db 0,0,0,0,0,0,0,0
	.db 0,0,0,0,0,0,0,0
	.db 0,0,0,0,0,0,0,0
	.db 0,0,0,0,0,0,0,0
	.db 0,0,0,0,0,0,0,0
	.db 0,0,0,0,0,0,0,0
	.db 0,0,0,0,0,0,0,0
	.db 0,0,0,0,0,0,0,0
	.db 0,0,0,0,0,0,0,0
	.db 0,0,0,0,0,0,0,0

	.db 128,128,192,192,192,192,128,12
	.db 136,136,136,136,136,136,136,252
	.db 64,64,64,128,128,128,128,128
	.db 0,0,0,0,0,0,0,0
	.db 0,0,0,0,0,0,0,0
	.db 0,0,0,0,0,0,0,0
	.db 0,0,0,0,0,0,0,0
	.db 0,0,0,0,0,0,0,0
	.db 0,0,0,0,0,0,0,0
	.db 0,0,0,0,0,0,0,0
	.db 0,0,0,0,0,0,0,0
	.db 0,0,0,0,0,0,0,0
	.db 0,0,0,0,0,0,0,0
	.db 0,0,0,0,0,0,0,0
	.db 0,0,0,0,0,0,0,0
	.db 0,0,0,0,0,0,0,0
	.db 0,0,0,0,0,0,0,0
	.db 0,0,0,0,0,0,0,0
	.db 0,0,0,0,0,0,0,0
	.db 0,0,0,0,0,0,0,0
	.db 0,0,0,0,0,0,0,0
	.db 0,0,0,0,0,0,0,0
	.db 0,0,0,0,0,0,0,0
	.db 0,0,0,0,0,0,0,0
	.db 0,0,0,0,0,0,0,0
	.db 0,0,0,0,0,0,0,0
	.db 0,0,0,0,0,0,0,0
	.db 0,0,0,0,0,0,0,0
	.db 0,0,0,0,0,0,0,0
	.db 0,0,0,0,0,0,0,0
	.db 0,0,0,0,0,0,0,0
	.db 0,0,0,0,0,0,0,0

	.db 15,9,4,4,4,4,4,4
	.db 2,1,1,1,129,129,193,64
	.db 128,0,0,6,122,142,8,48
	.db 0,0,0,0,0,0,0,0
	.db 0,0,0,0,0,0,0,0
	.db 0,0,0,0,0,0,0,0
	.db 0,0,0,0,0,0,0,0
	.db 0,0,0,0,0,0,0,0
	.db 0,0,0,0,0,0,0,0
	.db 0,0,0,0,0,0,0,0
	.db 0,0,0,0,0,0,0,0
	.db 0,0,0,0,0,0,0,0
	.db 0,0,0,0,0,0,0,0
	.db 0,0,0,0,0,0,0,0
	.db 0,0,0,0,0,0,0,0
	.db 0,0,0,0,0,0,0,0
	.db 0,0,0,0,0,0,0,0
	.db 0,0,0,0,0,0,0,0
	.db 0,0,0,0,0,0,0,0
	.db 0,0,0,0,0,0,0,0
	.db 0,0,0,0,0,0,0,0
	.db 0,0,0,0,0,0,0,0
	.db 0,0,0,0,0,0,0,0
	.db 0,0,0,0,0,0,0,0
	.db 0,0,0,0,0,0,0,0
	.db 0,0,0,0,0,0,0,0
	.db 0,0,0,0,0,0,0,0
	.db 0,0,0,0,0,0,0,0
	.db 0,0,0,0,0,0,0,0
	.db 0,0,0,0,0,0,0,0
	.db 0,0,0,0,0,0,0,0
	.db 0,0,0,0,0,0,0,0

	.db 4,2,1,128,128,128,128,1
	.db 70,12,128,195,70,244,142,147
	.db 32,96,192,1,1,1,1,1
	.db 0,0,0,0,0,0,0,0
	.db 0,0,0,0,0,0,0,0
	.db 0,0,0,0,0,0,0,0
	.db 0,0,0,0,0,0,0,0
	.db 0,0,0,0,0,0,0,0
	.db 0,0,0,0,0,0,0,0
	.db 0,0,0,0,0,0,0,0
	.db 0,0,0,0,0,0,0,0
	.db 0,0,0,0,0,0,0,0
	.db 0,0,0,0,0,0,0,0
	.db 0,0,0,0,0,0,0,0
	.db 0,0,0,0,0,0,0,0
	.db 0,0,0,0,0,0,0,0
	.db 0,0,0,0,0,0,0,0
	.db 0,0,0,0,0,0,0,0
	.db 0,0,0,0,0,0,0,0
	.db 0,0,0,0,0,0,0,0
	.db 0,0,0,0,0,0,0,0
	.db 0,0,0,0,0,0,0,0
	.db 0,0,0,0,0,0,0,0
	.db 0,0,0,0,0,0,0,0
	.db 0,0,0,0,0,0,0,0
	.db 0,0,0,0,0,0,0,0
	.db 0,0,0,0,0,0,0,0
	.db 0,0,0,0,0,0,0,0
	.db 0,0,0,0,0,0,0,0
	.db 0,0,0,0,0,0,0,0
	.db 0,0,0,0,0,0,0,0
	.db 0,0,0,0,0,0,0,0

	.db 1,5,7,7,3,128,128,0
	.db 1,137,131,0,0,63,7,0
	.db 192,192,1,224,1,1,193,0
	.db 0,0,0,0,0,0,0,0
	.db 0,0,0,0,0,0,0,0
	.db 0,0,0,0,0,0,0,0
	.db 0,0,0,0,0,0,0,0
	.db 0,0,0,0,0,0,0,0
	.db 0,0,0,0,0,0,0,0
	.db 0,0,0,0,0,0,0,0
	.db 0,0,0,0,0,0,0,0
	.db 0,0,0,0,0,0,0,0
	.db 0,0,0,0,0,0,0,0
	.db 0,0,0,0,0,0,0,0
	.db 0,0,0,0,0,0,0,0
	.db 0,0,0,0,0,0,0,0
	.db 0,0,0,0,0,0,0,0
	.db 0,0,0,0,0,0,0,0
	.db 0,0,0,0,0,0,0,0
	.db 0,0,0,0,0,0,0,0
	.db 0,0,0,0,0,0,0,0
	.db 0,0,0,0,0,0,0,0
	.db 0,0,0,0,0,0,0,0
	.db 0,0,0,0,0,0,0,0
	.db 0,0,0,0,0,0,0,0
	.db 0,0,0,0,0,0,0,0
	.db 0,0,0,0,0,0,0,0
	.db 0,0,0,0,0,0,0,0
	.db 0,0,0,0,0,0,0,0
	.db 0,0,0,0,0,0,0,0
	.db 0,0,0,0,0,0,0,0
	.db 0,0,0,0,0,0,0,0

	.db 0,0,0,0,0,0,0,0
	.db 0,0,0,0,0,0,0,0
	.db 0,0,0,0,0,0,0,0
	.db 0,0,0,0,0,0,0,0
	.db 0,0,0,0,0,0,0,0
	.db 0,0,0,0,0,0,0,0
	.db 0,0,0,0,0,0,0,0
	.db 0,0,0,0,0,0,0,0
	.db 0,0,0,0,0,0,0,0
	.db 0,0,0,0,0,0,0,0
	.db 0,0,0,0,0,0,0,0
	.db 0,0,0,0,0,0,0,0
	.db 0,0,0,0,0,0,0,0
	.db 0,0,0,0,0,0,0,0
	.db 0,0,0,0,0,0,0,0
	.db 0,0,0,0,0,0,0,0
	.db 0,0,0,0,0,0,0,0
	.db 0,0,0,0,0,0,0,0
	.db 0,0,0,0,0,0,0,0
	.db 0,0,0,0,0,0,0,0
	.db 0,0,0,0,0,0,0,0
	.db 0,0,0,0,0,0,0,0
	.db 0,0,0,0,0,0,0,0
	.db 0,0,0,0,0,0,0,0
	.db 0,0,0,0,0,0,0,0
	.db 0,0,0,0,0,0,0,0
	.db 0,0,0,0,0,0,0,0
	.db 0,0,0,0,0,0,0,0
	.db 0,0,0,0,0,0,0,0
	.db 0,0,0,0,0,0,0,0
	.db 0,0,0,0,0,0,0,0
	.db 0,0,0,0,0,0,0,0

	.db 0,0,0,0,0,0,0,0
	.db 0,0,0,0,0,0,0,116
	.db 0,0,0,0,0,0,0,0
	.db 0,0,0,0,0,0,0,0
	.db 0,0,0,0,0,0,0,0
	.db 0,0,0,0,0,0,0,0
	.db 0,0,0,0,0,0,0,0
	.db 0,0,0,0,0,0,0,0
	.db 0,0,0,0,0,0,0,0
	.db 0,0,0,0,0,0,0,0
	.db 0,0,0,0,0,0,0,0
	.db 0,0,0,0,0,0,0,0
	.db 0,0,0,0,0,0,0,0
	.db 0,0,0,0,0,0,0,0
	.db 0,0,0,0,0,0,0,0
	.db 0,0,0,0,0,0,0,0
	.db 0,0,0,0,0,0,0,0
	.db 0,0,0,0,0,0,0,0
	.db 0,0,0,0,0,0,0,0
	.db 0,0,0,0,0,0,0,0
	.db 0,0,0,0,0,0,0,0
	.db 0,0,0,0,0,0,0,0
	.db 0,0,0,0,0,0,0,0
	.db 0,0,0,0,0,0,0,0
	.db 0,0,0,0,0,0,0,0
	.db 0,0,0,0,0,0,0,0
	.db 0,0,0,0,0,0,0,0
	.db 0,0,0,0,0,0,0,0
	.db 0,0,0,0,0,0,0,0
	.db 0,0,0,0,0,0,0,0
	.db 0,0,0,0,0,0,0,0
	.db 0,0,0,0,0,0,0,0

	.db 0,0,0,0,0,0,0,0
	.db 2,0,0,0,0,0,0,0
	.db 0,0,0,0,0,0,0,0
	.db 0,0,0,0,0,0,0,0
	.db 0,0,0,0,0,0,0,0
	.db 0,0,0,0,0,0,0,0
	.db 0,0,0,0,0,0,0,0
	.db 0,0,0,0,0,0,0,0
	.db 0,0,0,0,0,0,0,0
	.db 0,0,0,0,0,0,0,0
	.db 0,0,0,0,0,0,0,0
	.db 0,0,0,0,0,0,0,0
	.db 0,0,0,0,0,0,0,0
	.db 0,0,0,0,0,0,0,0
	.db 0,0,0,0,0,0,0,0
	.db 0,0,0,0,0,0,0,0
	.db 0,0,0,0,0,0,0,0
	.db 0,0,0,0,0,0,0,0
	.db 0,0,0,0,0,0,0,0
	.db 0,0,0,0,0,0,0,0
	.db 0,0,0,0,0,0,0,0
	.db 0,0,0,0,0,0,0,0
	.db 0,0,0,0,0,0,0,0
	.db 0,0,0,0,0,0,0,0
	.db 0,0,0,0,0,0,0,0
	.db 0,0,0,0,0,0,0,0
	.db 0,0,0,0,0,0,0,0
	.db 0,0,0,0,0,0,0,0
	.db 0,0,0,0,0,0,0,0
	.db 0,0,0,0,0,0,0,0
	.db 0,0,0,0,0,0,0,0
	.db 0,0,0,0,0,0,0,0

	.db 0,0,0,0,0,0,0,0
	.db 0,0,0,0,0,0,0,0
	.db 0,0,0,0,0,0,0,0
	.db 0,0,0,0,0,0,0,0
	.db 0,0,0,0,0,0,0,0
	.db 0,0,0,0,0,0,0,0
	.db 0,0,0,0,0,0,0,0
	.db 0,0,0,0,0,0,0,0
	.db 0,0,0,0,0,0,0,0
	.db 0,0,0,0,0,0,0,0
	.db 0,0,0,0,0,0,0,0
	.db 0,0,0,0,0,0,0,0
	.db 0,0,0,0,0,0,0,0
	.db 0,0,0,0,0,0,0,0
	.db 0,0,0,0,0,0,0,0
	.db 0,0,0,0,0,0,0,0
	.db 0,0,0,0,0,0,0,0
	.db 0,0,0,0,0,0,0,0
	.db 0,0,0,0,0,0,0,0
	.db 0,0,0,0,0,0,0,0
	.db 0,0,0,0,0,0,0,0
	.db 0,0,0,0,0,0,0,0
	.db 0,0,0,0,0,0,0,0
	.db 0,0,0,0,0,0,0,0
	.db 0,0,0,0,0,0,0,0
	.db 0,0,0,0,0,0,0,0
	.db 0,0,0,0,0,0,0,0
	.db 0,0,0,0,0,0,0,0
	.db 0,0,0,0,0,0,0,0
	.db 0,0,0,0,0,0,0,0
	.db 0,0,0,0,0,0,0,0
	.db 0,0,0,0,0,0,0,0

	.db 0,0,0,0,0,0,0,0
	.db 0,0,0,0,0,0,0,0
	.db 0,0,0,0,0,0,0,0
	.db 0,0,0,0,0,0,0,0
	.db 0,0,0,0,0,0,0,0
	.db 0,0,0,0,0,0,0,0
	.db 0,0,0,0,0,0,0,0
	.db 0,0,0,0,0,0,0,0
	.db 0,0,0,0,0,0,0,0
	.db 0,0,0,0,0,0,0,0
	.db 0,0,0,0,0,0,0,0
	.db 0,0,0,0,0,0,0,0
	.db 0,0,0,0,0,0,0,0
	.db 0,0,0,0,0,0,0,0
	.db 0,0,0,0,0,0,0,0
	.db 0,0,0,0,0,0,0,0
	.db 0,0,0,0,0,0,0,0
	.db 0,0,0,0,0,0,0,0
	.db 0,0,0,0,0,0,0,0
	.db 0,0,0,0,0,0,0,0
	.db 0,0,0,0,0,0,0,0
	.db 0,0,0,0,0,0,0,0
	.db 0,0,0,0,0,0,0,0
	.db 0,0,0,0,0,0,0,0
	.db 0,0,0,0,0,0,0,0
	.db 0,0,0,0,0,0,0,0
	.db 0,0,0,0,0,0,0,0
	.db 0,0,0,0,0,0,0,0
	.db 0,0,0,0,0,0,0,0
	.db 0,0,0,0,0,0,0,0
	.db 0,0,0,0,0,0,0,0
	.db 0,0,0,0,0,0,0,0


	.db 0
	.db 0,0,0,240,240,240,240,240,0,0,240,255,255,240,240,240,0,0,0,0,240,0,240
	.db 240,0,0,0,0,0,0,0,0,0,0,0,0,0,0,0,0,0,0,0,0,0,0,0,0,0,0,0,0,0,0,0,0,0,0
	.db 0,0,0,0,0,0,0,0,0,0,0,0,0,0,0,0,0,0,0,0,0,0,0,0,0,0,0,0,0,0,0,0,0,0,0,0
	.db 0,0,0,0,0,0,0,0,0,0,0,0,0,0,0,0,0,0,0,0,0,0,0,0,0,0,0,0,0,0,0,0,0,0,0,0
	.db 0,0,0,0,0,0,0,0,0,0,0,0,0,0,0,0,0,0,0,0,0,0,0,0,0,0,0,0,0,0,0,0,0,0,0,0
	.db 0,0,0,0,0,0,0,0,0,0,0,0,0,0,0,0,0,0,0,0,0,0,0,0,0,0,0,0,0,0,0,0,0,0,0,0
	.db 0,0,0,0,0,0,0,0,0,0,0,0,0,0,0,0,0,0,0,0,0,0,0,0,0,0,0,0,0,0,0,0,0,0,0,0
	.db 0,0,0,0,0,0,0,0,0,0,0,0,0,0,0,0,0,0
	.db 240,0,0,0,0,240,240,240,240,240,240,240,240,240,240,240,0,0,0,0,0,240,240
	.db 240,0,0,0,0,0,0,0,0,0,0,0,0,0,0,0,0,0,0,0,0,0,0,0,0,0,0,0,0,0,0,0,0,0,0
	.db 0,0,0,0,0,0,0,0,0,0,0,0,0,0,0,0,0,0,0,0,0,0,0,0,0,0,0,0,0,0,0,0,0,0,0,0
	.db 0,0,0,0,0,0,0,0,0,0,0,0,0,0,0,0,0,0,0,0,0,0,0,0,0,0,0,0,0,0,0,0,0,0,0,0
	.db 0,0,0,0,0,0,0,0,0,0,0,0,0,0,0,0,0,0,0,0,0,0,0,0,0,0,0,0,0,0,0,0,0,0,0,0
	.db 0,0,0,0,0,0,0,0,0,0,0,0,0,0,0,0,0,0,0,0,0,0,0,0,0,0,0,0,0,0,0,0,0,0,0,0
	.db 0,0,0,0,0,0,0,0,0,0,0,0,0,0,0,0,0,0,0,0,0,0,0,0,0,0,0,0,0,0,0,0,0,0,0,0
	.db 0,0,0,0,0,0,0,0,0,0,0,0,0,0,0,0,0,0
	.db 240,240,240,240,240,240,240,240,240,240,240,240,240,240,240,240,240,240
	.db 240,240,240,0,0,240,0,0,0,0,0,0,0,0,0,0,0,0,0,0,0,0,0,0,0,0,0,0,0,0,0,0
	.db 0,0,0,0,0,0,0,0,0,0,0,0,0,0,0,0,0,0,0,0,0,0,0,0,0,0,0,0,0,0,0,0,0,0,0,0
	.db 0,0,0,0,0,0,0,0,0,0,0,0,0,0,0,0,0,0,0,0,0,0,0,0,0,0,0,0,0,0,0,0,0,0,0,0
	.db 0,0,0,0,0,0,0,0,0,0,0,0,0,0,0,0,0,0,0,0,0,0,0,0,0,0,0,0,0,0,0,0,0,0,0,0
	.db 0,0,0,0,0,0,0,0,0,0,0,0,0,0,0,0,0,0,0,0,0,0,0,0,0,0,0,0,0,0,0,0,0,0,0,0
	.db 0,0,0,0,0,0,0,0,0,0,0,0,0,0,0,0,0,0,0,0,0,0,0,0,0,0,0,0,0,0,0,0,0,0,0,0
	.db 0,0,0,0,0,0,0,0,0,0,0,0,0,0,0,0,0,0,0,0,0,0,0,0,0,0
	.db 240,0,0,0,0,0,0,0,240,240,240,240,240,240,240,240,240,240,240,240,240,240
	.db 240,240,0,0,0,0,0,240,0,0,0,0,0,0,0,0,0,0,0,0,0,0,0,0,0,0,0,0,0,0,0,0,0
	.db 0,0,0,0,0,0,0,0,0,0,0,0,0,0,0,0,0,0,0,0,0,0,0,0,0,0,0,0,0,0,0,0,0,0,0,0
	.db 0,0,0,0,0,0,0,0,0,0,0,0,0,0,0,0,0,0,0,0,0,0,0,0,0,0,0,0,0,0,0,0,0,0,0,0
	.db 0,0,0,0,0,0,0,0,0,0,0,0,0,0,0,0,0,0,0,0,0,0,0,0,0,0,0,0,0,0,0,0,0,0,0,0
	.db 0,0,0,0,0,0,0,0,0,0,0,0,0,0,0,0,0,0,0,0,0,0,0,0,0,0,0,0,0,0,0,0,0,0,0,0
	.db 0,0,0,0,0,0,0,0,0,0,0,0,0,0,0,0,0,0,0,0,0,0,0,0,0,0,0,0,0,0,0,0,0,0,0,0
	.db 0,0,0,0,0,0,0,0,0,0,0,0,0,0,0,0,0,0,0,0,0
	.db 0,0,0,0,240,240,240,0,240,240,240,240,240,240,240,0,240,240,240,240,240
	.db 240,0,0,0,0,0,0,0,0,0,0,0,0,0,0,0,0,0,0,0,0,0,0,0,0,0,0,0,0,0,0,0,0,0,0
	.db 0,0,0,0,0,0,0,0,0,0,0,0,0,0,0,0,0,0,0,0,0,0,0,0,0,0,0,0,0,0,0,0,0,0,0,0
	.db 0,0,0,0,0,0,0,0,0,0,0,0,0,0,0,0,0,0,0,0,0,0,0,0,0,0,0,0,0,0,0,0,0,0,0,0
	.db 0,0,0,0,0,0,0,0,0,0,0,0,0,0,0,0,0,0,0,0,0,0,0,0,0,0,0,0,0,0,0,0,0,0,0,0
	.db 0,0,0,0,0,0,0,0,0,0,0,0,0,0,0,0,0,0,0,0,0,0,0,0,0,0,0,0,0,0,0,0,0,0,0,0
	.db 0,0,0,0,0,0,0,0,0,0,0,0,0,0,0,0,0,0,0,0,0,0,0,0,0,0,0,0,0,0,0,0,0,0,0,0
	.db 0,0,0,0,0,0,0,0,0,0,0,0,0,0,0,0,0,0,0,0
	.db 255,240,240,31,31,31,31,31,255,240,31,17,17,17,17,17,255,240,240,240,31
	.db 240,31,31,0,0,0,0,0,0,0,0,0,0,0,0,0,0,0,0,0,0,0,0,0,0,0,0,0,0,0,0,0,0,0
	.db 0,0,0,0,0,0,0,0,0,0,0,0,0,0,0,0,0,0,0,0,0,0,0,0,0,0,0,0,0,0,0,0,0,0,0,0
	.db 0,0,0,0,0,0,0,0,0,0,0,0,0,0,0,0,0,0,0,0,0,0,0,0,0,0,0,0,0,0,0,0,0,0,0,0
	.db 0,0,0,0,0,0,0,0,0,0,0,0,0,0,0,0,0,0,0,0,0,0,0,0,0,0,0,0,0,0,0,0,0,0,0,0
	.db 0,0,0,0,0,0,0,0,0,0,0,0,0,0,0,0,0,0,0,0,0,0,0,0,0,0,0,0,0,0,0,0,0,0,0,0
	.db 0,0,0,0,0,0,0,0,0,0,0,0,0,0,0,0,0,0,0,0,0,0,0,0,0,0,0,0,0,0,0,0,0,0,0,0
	.db 0,0,0,0,0,0,0,0,0,0,0,0,0,0,0,0,0,0,0,0,0
	.db 31,240,240,240,240,31,31,31,17,31,31,31,17,17,17,17,240,240,240,240,240
	.db 31,31,31,0,0,0,0,0,0,0,0,0,0,0,0,0,0,0,0,0,0,0,0,0,0,0,0,0,0,0,0,0,0,0,0
	.db 0,0,0,0,0,0,0,0,0,0,0,0,0,0,0,0,0,0,0,0,0,0,0,0,0,0,0,0,0,0,0,0,0,0,0,0
	.db 0,0,0,0,0,0,0,0,0,0,0,0,0,0,0,0,0,0,0,0,0,0,0,0,0,0,0,0,0,0,0,0,0,0,0,0
	.db 0,0,0,0,0,0,0,0,0,0,0,0,0,0,0,0,0,0,0,0,0,0,0,0,0,0,0,0,0,0,0,0,0,0,0,0
	.db 0,0,0,0,0,0,0,0,0,0,0,0,0,0,0,0,0,0,0,0,0,0,0,0,0,0,0,0,0,0,0,0,0,0,0,0
	.db 0,0,0,0,0,0,0,0,0,0,0,0,0,0,0,0,0,0,0,0,0,0,0,0,0,0,0,0,0,0,0,0,0,0,0,0
	.db 0,0,0,0,0,0,0,0,0,0,0,0,0,0,0,0,0,0,0,0
	.db 31,31,31,31,31,31,31,31,17,17,17,17,17,17,17,17,31,31,31,31,31,255,255,31
	.db 0,0,0,0,0,0,0,0,0,0,0,0,0,0,0,0,0,0,0,0,0,0,0,0,0,0,0,0,0,0,0,0,0,0,0,0
	.db 0,0,0,0,0,0,0,0,0,0,0,0,0,0,0,0,0,0,0,0,0,0,0,0,0,0,0,0,0,0,0,0,0,0,0,0
	.db 0,0,0,0,0,0,0,0,0,0,0,0,0,0,0,0,0,0,0,0,0,0,0,0,0,0,0,0,0,0,0,0,0,0,0,0
	.db 0,0,0,0,0,0,0,0,0,0,0,0,0,0,0,0,0,0,0,0,0,0,0,0,0,0,0,0,0,0,0,0,0,0,0,0
	.db 0,0,0,0,0,0,0,0,0,0,0,0,0,0,0,0,0,0,0,0,0,0,0,0,0,0,0,0,0,0,0,0,0,0,0,0
	.db 0,0,0,0,0,0,0,0,0,0,0,0,0,0,0,0,0,0,0,0,0,0,0,0,0,0,0,0,0,0,0,0,0,0,0,0
	.db 0,0,0,0,0,0,0,0,0,0,0,0,0,0,0,0
	.db 31,240,240,240,240,240,240,240,17,17,17,17,17,17,17,17,31,31,31,31,31,31
	.db 31,31,0,0,0,0,0,0,0,0,0,0,0,0,0,0,0,0,0,0,0,0,0,0,0,0,0,0,0,0,0,0,0,0,0
	.db 0,0,0,0,0,0,0,0,0,0,0,0,0,0,0,0,0,0,0,0,0,0,0,0,0,0,0,0,0,0,0,0,0,0,0,0
	.db 0,0,0,0,0,0,0,0,0,0,0,0,0,0,0,0,0,0,0,0,0,0,0,0,0,0,0,0,0,0,0,0,0,0,0,0
	.db 0,0,0,0,0,0,0,0,0,0,0,0,0,0,0,0,0,0,0,0,0,0,0,0,0,0,0,0,0,0,0,0,0,0,0,0
	.db 0,0,0,0,0,0,0,0,0,0,0,0,0,0,0,0,0,0,0,0,0,0,0,0,0,0,0,0,0,0,0,0,0,0,0,0
	.db 0,0,0,0,0,0,0,0,0,0,0,0,0,0,0,0,0,0,0,0,0,0,0,0,0,0,0,0,0,0,0,0,0,0,0,0
	.db 0,0,0,0,0,0,0,0,0,0,0,0,0,0,0,0,0,0,0
	.db 240,240,240,240,31,31,31,255,17,17,17,17,31,31,31,255,31,31,31,31,31,31
	.db 255,255,0,0,0,0,0,0,0,0,0,0,0,0,0,0,0,0,0,0,0,0,0,0,0,0,0,0,0,0,0,0,0,0
	.db 0,0,0,0,0,0,0,0,0,0,0,0,0,0,0,0,0,0,0,0,0,0,0,0,0,0,0,0,0,0,0,0,0,0,0,0
	.db 0,0,0,0,0,0,0,0,0,0,0,0,0,0,0,0,0,0,0,0,0,0,0,0,0,0,0,0,0,0,0,0,0,0,0,0
	.db 0,0,0,0,0,0,0,0,0,0,0,0,0,0,0,0,0,0,0,0,0,0,0,0,0,0,0,0,0,0,0,0,0,0,0,0
	.db 0,0,0,0,0,0,0,0,0,0,0,0,0,0,0,0,0,0,0,0,0,0,0,0,0,0,0,0,0,0,0,0,0,0,0,0
	.db 0,0,0,0,0,0,0,0,0,0,0,0,0,0,0,0,0,0,0,0,0,0,0,0,0,0,0,0,0,0,0,0,0,0,0,0
	.db 0,0,0,0,0,0,0,0,0,0,0,0,0,0,0,0,0,0,0,0
	.db 16,16,16,16,16,16,0,0,16,0,0,0,0,0,0,0,0,0,0,0,0,0,0,0,0,0,0,0,0,0,0,0,0
	.db 0,0,0,0,0,0,0,0,0,0,0,0,0,0,0,0,0,0,0,0,0,0,0,0,0,0,0,0,0,0,0,0,0,0,0,0
	.db 0,0,0,0,0,0,0,0,0,0,0,0,0,0,0,0,0,0,0,0,0,0,0,0,0,0,0,0,0,0,0,0,0,0,0,0
	.db 0,0,0,0,0,0,0,0,0,0,0,0,0,0,0,0,0,0,0,0,0,0,0,0,0,0,0,0,0,0,0,0,0,0,0,0
	.db 0,0,0,0,0,0,0,0,0,0,0,0,0,0,0,0,0,0,0,0,0,0,0,0,0,0,0,0,0,0,0,0,0,0,0,0
	.db 0,0,0,0,0,0,0,0,0,0,0,0,0,0,0,0,0,0,0,0,0,0,0,0,0,0,0,0,0,0,0,0,0,0,0,0
	.db 0,0,0,0,0,0,0,0,0,0,0,0,0,0,0,0,0,0,0,0,0,0,0,0,0,0,0,0,0,0,0,0,0,0,0,0
	.db 0,0,0,0,0,0,0
	.db 0,0,0,0,0,0,0,0,0,0,0,0,0,0,0,0,0,0,0,0,0,0,0,0,0,0,0,0,0,0,0,0,0,0,0,0
	.db 0,0,0,0,0,0,0,0,0,0,0,0,0,0,0,0,0,0,0,0,0,0,0,0,0,0,0,0,0,0,0,0,0,0,0,0
	.db 0,0,0,0,0,0,0,0,0,0,0,0,0,0,0,0,0,0,0,0,0,0,0,0,0,0,0,0,0,0,0,0,0,0,0,0
	.db 0,0,0,0,0,0,0,0,0,0,0,0,0,0,0,0,0,0,0,0,0,0,0,0,0,0,0,0,0,0,0,0,0,0,0,0
	.db 0,0,0,0,0,0,0,0,0,0,0,0,0,0,0,0,0,0,0,0,0,0,0,0,0,0,0,0,0,0,0,0,0,0,0,0
	.db 0,0,0,0,0,0,0,0,0,0,0,0,0,0,0,0,0,0,0,0,0,0,0,0,0,0,0,0,0,0,0,0,0,0,0,0
	.db 0,0,0,0,0,0,0,0,0,0,0,0,0,0,0,0,0,0,0,0,0,0,0,0,0,0,0,0,0,0,0,0,0,0,0,0
	.db 0,0,0,0
	.db 0,0,0,0,0,0,0,0,0,0,0,0,0,0,0,0,0,0,0,0,0,0,0,0,0,0,0,0,0,0,0,0,0,0,0,0
	.db 0,0,0,0,0,0,0,0,0,0,0,0,0,0,0,0,0,0,0,0,0,0,0,0,0,0,0,0,0,0,0,0,0,0,0,0
	.db 0,0,0,0,0,0,0,0,0,0,0,0,0,0,0,0,0,0,0,0,0,0,0,0,0,0,0,0,0,0,0,0,0,0,0,0
	.db 0,0,0,0,0,0,0,0,0,0,0,0,0,0,0,0,0,0,0,0,0,0,0,0,0,0,0,0,0,0,0,0,0,0,0,0
	.db 0,0,0,0,0,0,0,0,0,0,0,0,0,0,0,0,0,0,0,0,0,0,0,0,0,0,0,0,0,0,0,0,0,0,0,0
	.db 0,0,0,0,0,0,0,0,0,0,0,0,0,0,0,0,0,0,0,0,0,0,0,0,0,0,0,0,0,0,0,0,0,0,0,0
	.db 0,0,0,0,0,0,0,0,0,0,0,0,0,0,0,0,0,0,0,0,0,0,0,0,0,0,0,0,0,0,0,0,0,0,0,0
	.db 0,0,0,0
	.db 0,0,16,16,16,16,16,16,0,0,0,0,0,0,0,16,0,0,0,0,0,0,0,0,0,0,0,0,0,0,0,0,0
	.db 0,0,0,0,0,0,0,0,0,0,0,0,0,0,0,0,0,0,0,0,0,0,0,0,0,0,0,0,0,0,0,0,0,0,0,0
	.db 0,0,0,0,0,0,0,0,0,0,0,0,0,0,0,0,0,0,0,0,0,0,0,0,0,0,0,0,0,0,0,0,0,0,0,0
	.db 0,0,0,0,0,0,0,0,0,0,0,0,0,0,0,0,0,0,0,0,0,0,0,0,0,0,0,0,0,0,0,0,0,0,0,0
	.db 0,0,0,0,0,0,0,0,0,0,0,0,0,0,0,0,0,0,0,0,0,0,0,0,0,0,0,0,0,0,0,0,0,0,0,0
	.db 0,0,0,0,0,0,0,0,0,0,0,0,0,0,0,0,0,0,0,0,0,0,0,0,0,0,0,0,0,0,0,0,0,0,0,0
	.db 0,0,0,0,0,0,0,0,0,0,0,0,0,0,0,0,0,0,0,0,0,0,0,0,0,0,0,0,0,0,0,0,0,0,0,0
	.db 0,0,0,0,0,0,0
	.db 255,127,127,127,240,240,240,240,255,127,127,127,112,112,112,112,255,255
	.db 127,127,127,127,127,127,0,0,0,0,0,0,0,0,0,0,0,0,0,0,0,0,0,0,0,0,0,0,0,0
	.db 0,0,0,0,0,0,0,0,0,0,0,0,0,0,0,0,0,0,0,0,0,0,0,0,0,0,0,0,0,0,0,0,0,0,0,0
	.db 0,0,0,0,0,0,0,0,0,0,0,0,0,0,0,0,0,0,0,0,0,0,0,0,0,0,0,0,0,0,0,0,0,0,0,0
	.db 0,0,0,0,0,0,0,0,0,0,0,0,0,0,0,0,0,0,0,0,0,0,0,0,0,0,0,0,0,0,0,0,0,0,0,0
	.db 0,0,0,0,0,0,0,0,0,0,0,0,0,0,0,0,0,0,0,0,0,0,0,0,0,0,0,0,0,0,0,0,0,0,0,0
	.db 0,0,0,0,0,0,0,0,0,0,0,0,0,0,0,0,0,0,0,0,0,0,0,0,0,0,0,0,0,0,0,0,0,0,0,0
	.db 0,0,0,0,0,0,0,0,0,0,0,0,0,0,0,0,0,0,0,0,0,0,0,0,0,0,0,0
	.db 240,240,240,240,240,240,240,127,112,112,112,112,112,112,112,112,127,127
	.db 127,127,127,127,127,127,0,0,0,0,0,0,0,0,0,0,0,0,0,0,0,0,0,0,0,0,0,0,0,0
	.db 0,0,0,0,0,0,0,0,0,0,0,0,0,0,0,0,0,0,0,0,0,0,0,0,0,0,0,0,0,0,0,0,0,0,0,0
	.db 0,0,0,0,0,0,0,0,0,0,0,0,0,0,0,0,0,0,0,0,0,0,0,0,0,0,0,0,0,0,0,0,0,0,0,0
	.db 0,0,0,0,0,0,0,0,0,0,0,0,0,0,0,0,0,0,0,0,0,0,0,0,0,0,0,0,0,0,0,0,0,0,0,0
	.db 0,0,0,0,0,0,0,0,0,0,0,0,0,0,0,0,0,0,0,0,0,0,0,0,0,0,0,0,0,0,0,0,0,0,0,0
	.db 0,0,0,0,0,0,0,0,0,0,0,0,0,0,0,0,0,0,0,0,0,0,0,0,0,0,0,0,0,0,0,0,0,0,0,0
	.db 0,0,0,0,0,0,0,0,0,0,0,0,0,0,0,0,0,0,0,0,0,0,0,0,0,0,0,0
	.db 127,127,127,127,127,127,127,127,112,112,112,112,112,112,16,112,127,255,255
	.db 127,127,127,127,127,0,0,0,0,0,0,0,0,0,0,0,0,0,0,0,0,0,0,0,0,0,0,0,0,0,0
	.db 0,0,0,0,0,0,0,0,0,0,0,0,0,0,0,0,0,0,0,0,0,0,0,0,0,0,0,0,0,0,0,0,0,0,0,0
	.db 0,0,0,0,0,0,0,0,0,0,0,0,0,0,0,0,0,0,0,0,0,0,0,0,0,0,0,0,0,0,0,0,0,0,0,0
	.db 0,0,0,0,0,0,0,0,0,0,0,0,0,0,0,0,0,0,0,0,0,0,0,0,0,0,0,0,0,0,0,0,0,0,0,0
	.db 0,0,0,0,0,0,0,0,0,0,0,0,0,0,0,0,0,0,0,0,0,0,0,0,0,0,0,0,0,0,0,0,0,0,0,0
	.db 0,0,0,0,0,0,0,0,0,0,0,0,0,0,0,0,0,0,0,0,0,0,0,0,0,0,0,0,0,0,0,0,0,0,0,0
	.db 0,0,0,0,0,0,0,0,0,0,0,0,0,0,0,0,0,0,0,0,0,0,0,0,0,0
	.db 127,127,127,240,240,240,240,127,112,112,112,112,112,112,112,112,127,127
	.db 127,240,240,240,240,240,0,0,0,0,0,0,0,0,0,0,0,0,0,0,0,0,0,0,0,0,0,0,0,0
	.db 0,0,0,0,0,0,0,0,0,0,0,0,0,0,0,0,0,0,0,0,0,0,0,0,0,0,0,0,0,0,0,0,0,0,0,0
	.db 0,0,0,0,0,0,0,0,0,0,0,0,0,0,0,0,0,0,0,0,0,0,0,0,0,0,0,0,0,0,0,0,0,0,0,0
	.db 0,0,0,0,0,0,0,0,0,0,0,0,0,0,0,0,0,0,0,0,0,0,0,0,0,0,0,0,0,0,0,0,0,0,0,0
	.db 0,0,0,0,0,0,0,0,0,0,0,0,0,0,0,0,0,0,0,0,0,0,0,0,0,0,0,0,0,0,0,0,0,0,0,0
	.db 0,0,0,0,0,0,0,0,0,0,0,0,0,0,0,0,0,0,0,0,0,0,0,0,0,0,0,0,0,0,0,0,0,0,0,0
	.db 0,0,0,0,0,0,0,0,0,0,0,0,0,0,0,0,0,0,0,0,0,0,0,0,0,0,0,0
	.db 127,127,127,127,127,240,240,255,112,112,112,119,119,112,240,255,127,127
	.db 240,127,240,240,240,255,0,0,0,0,0,0,0,0,0,0,0,0,0,0,0,0,0,0,0,0,0,0,0,0
	.db 0,0,0,0,0,0,0,0,0,0,0,0,0,0,0,0,0,0,0,0,0,0,0,0,0,0,0,0,0,0,0,0,0,0,0,0
	.db 0,0,0,0,0,0,0,0,0,0,0,0,0,0,0,0,0,0,0,0,0,0,0,0,0,0,0,0,0,0,0,0,0,0,0,0
	.db 0,0,0,0,0,0,0,0,0,0,0,0,0,0,0,0,0,0,0,0,0,0,0,0,0,0,0,0,0,0,0,0,0,0,0,0
	.db 0,0,0,0,0,0,0,0,0,0,0,0,0,0,0,0,0,0,0,0,0,0,0,0,0,0,0,0,0,0,0,0,0,0,0,0
	.db 0,0,0,0,0,0,0,0,0,0,0,0,0,0,0,0,0,0,0,0,0,0,0,0,0,0,0,0,0,0,0,0,0,0,0,0
	.db 0,0,0,0,0,0,0,0,0,0,0,0,0,0,0,0,0,0,0,0,0,0,0,0,0,0,0,0
	.db 0,0,0,0,0,0,0,0,0,0,0,0,0,0,0,0,0,0,0,0,0,0,0,0,0,0,0,0,0,0,0,0,0,0,0,0
	.db 0,0,0,0,0,0,0,0,0,0,0,0,0,0,0,0,0,0,0,0,0,0,0,0,0,0,0,0,0,0,0,0,0,0,0,0
	.db 0,0,0,0,0,0,0,0,0,0,0,0,0,0,0,0,0,0,0,0,0,0,0,0,0,0,0,0,0,0,0,0,0,0,0,0
	.db 0,0,0,0,0,0,0,0,0,0,0,0,0,0,0,0,0,0,0,0,0,0,0,0,0,0,0,0,0,0,0,0,0,0,0,0
	.db 0,0,0,0,0,0,0,0,0,0,0,0,0,0,0,0,0,0,0,0,0,0,0,0,0,0,0,0,0,0,0,0,0,0,0,0
	.db 0,0,0,0,0,0,0,0,0,0,0,0,0,0,0,0,0,0,0,0,0,0,0,0,0,0,0,0,0,0,0,0,0,0,0,0
	.db 0,0,0,0,0,0,0,0,0,0,0,0,0,0,0,0,0,0,0,0,0,0,0,0,0,0,0,0,0,0,0,0,0,0,0,0
	.db 0,0,0,0
	.db 0,0,0,0,0,0,0,0,0,0,0,0,0,0,0,112,0,0,0,0,0,0,0,0,0,0,0,0,0,0,0,0,0,0,0
	.db 0,0,0,0,0,0,0,0,0,0,0,0,0,0,0,0,0,0,0,0,0,0,0,0,0,0,0,0,0,0,0,0,0,0,0,0
	.db 0,0,0,0,0,0,0,0,0,0,0,0,0,0,0,0,0,0,0,0,0,0,0,0,0,0,0,0,0,0,0,0,0,0,0,0
	.db 0,0,0,0,0,0,0,0,0,0,0,0,0,0,0,0,0,0,0,0,0,0,0,0,0,0,0,0,0,0,0,0,0,0,0,0
	.db 0,0,0,0,0,0,0,0,0,0,0,0,0,0,0,0,0,0,0,0,0,0,0,0,0,0,0,0,0,0,0,0,0,0,0,0
	.db 0,0,0,0,0,0,0,0,0,0,0,0,0,0,0,0,0,0,0,0,0,0,0,0,0,0,0,0,0,0,0,0,0,0,0,0
	.db 0,0,0,0,0,0,0,0,0,0,0,0,0,0,0,0,0,0,0,0,0,0,0,0,0,0,0,0,0,0,0,0,0,0,0,0
	.db 0,0,0,0,0
	.db 0,0,0,0,0,0,0,0,112,0,0,0,0,0,0,0,0,0,0,0,0,0,0,0,0,0,0,0,0,0,0,0,0,0,0
	.db 0,0,0,0,0,0,0,0,0,0,0,0,0,0,0,0,0,0,0,0,0,0,0,0,0,0,0,0,0,0,0,0,0,0,0,0
	.db 0,0,0,0,0,0,0,0,0,0,0,0,0,0,0,0,0,0,0,0,0,0,0,0,0,0,0,0,0,0,0,0,0,0,0,0
	.db 0,0,0,0,0,0,0,0,0,0,0,0,0,0,0,0,0,0,0,0,0,0,0,0,0,0,0,0,0,0,0,0,0,0,0,0
	.db 0,0,0,0,0,0,0,0,0,0,0,0,0,0,0,0,0,0,0,0,0,0,0,0,0,0,0,0,0,0,0,0,0,0,0,0
	.db 0,0,0,0,0,0,0,0,0,0,0,0,0,0,0,0,0,0,0,0,0,0,0,0,0,0,0,0,0,0,0,0,0,0,0,0
	.db 0,0,0,0,0,0,0,0,0,0,0,0,0,0,0,0,0,0,0,0,0,0,0,0,0,0,0,0,0,0,0,0,0,0,0,0
	.db 0,0,0,0,0
	.db 0,0,0,0,0,0,0,0,0,0,0,0,0,0,0,0,0,0,0,0,0,0,0,0,0,0,0,0,0,0,0,0,0,0,0,0
	.db 0,0,0,0,0,0,0,0,0,0,0,0,0,0,0,0,0,0,0,0,0,0,0,0,0,0,0,0,0,0,0,0,0,0,0,0
	.db 0,0,0,0,0,0,0,0,0,0,0,0,0,0,0,0,0,0,0,0,0,0,0,0,0,0,0,0,0,0,0,0,0,0,0,0
	.db 0,0,0,0,0,0,0,0,0,0,0,0,0,0,0,0,0,0,0,0,0,0,0,0,0,0,0,0,0,0,0,0,0,0,0,0
	.db 0,0,0,0,0,0,0,0,0,0,0,0,0,0,0,0,0,0,0,0,0,0,0,0,0,0,0,0,0,0,0,0,0,0,0,0
	.db 0,0,0,0,0,0,0,0,0,0,0,0,0,0,0,0,0,0,0,0,0,0,0,0,0,0,0,0,0,0,0,0,0,0,0,0
	.db 0,0,0,0,0,0,0,0,0,0,0,0,0,0,0,0,0,0,0,0,0,0,0,0,0,0,0,0,0,0,0,0,0,0,0,0
	.db 0,0,0,0
	.db 0,0,0,0,0,0,0,0,0,0,0,0,0,0,0,0,0,0,0,0,0,0,0,0,0,0,0,0,0,0,0,0,0,0,0,0
	.db 0,0,0,0,0,0,0,0,0,0,0,0,0,0,0,0,0,0,0,0,0,0,0,0,0,0,0,0,0,0,0,0,0,0,0,0
	.db 0,0,0,0,0,0,0,0,0,0,0,0,0,0,0,0,0,0,0,0,0,0,0,0,0,0,0,0,0,0,0,0,0,0,0,0
	.db 0,0,0,0,0,0,0,0,0,0,0,0,0,0,0,0,0,0,0,0,0,0,0,0,0,0,0,0,0,0,0,0,0,0,0,0
	.db 0,0,0,0,0,0,0,0,0,0,0,0,0,0,0,0,0,0,0,0,0,0,0,0,0,0,0,0,0,0,0,0,0,0,0,0
	.db 0,0,0,0,0,0,0,0,0,0,0,0,0,0,0,0,0,0,0,0,0,0,0,0,0,0,0,0,0,0,0,0,0,0,0,0
	.db 0,0,0,0,0,0,0,0,0,0,0,0,0,0,0,0,0,0,0,0,0,0,0,0,0,0,0,0,0,0,0,0,0,0,0,0
	.db 0,0,0,0


